25 96 3 96
35 48 18 49
5 6 5 98
77 78 63 79
56 56 28 56
84 85 22 85
35 62 34 74
9 89 88 88
7 55 54 54
8 55 35 55
5 24 5 70
7 37 6 38
38 67 20 68
1 94 2 2
85 93 8 93
27 87 86 87
76 76 51 77
3 24 2 88
20 96 48 95
9 9 8 65
12 98 98 98
2 21 1 22
13 93 5 94
18 38 37 37
35 36 35 59
3 4 3 99
41 74 41 75
15 99 15 16
15 81 16 81
88 93 87 93
18 80 80 80
6 32 7 32
67 93 68 92
48 95 49 94
43 91 26 94
2 79 1 98
64 97 64 96
8 10 9 9
41 53 41 53
44 53 19 53
40 41 4 41
88 90 89 89
26 99 27 98
84 84 81 91
97 98 50 98
24 59 34 59
31 89 88 88
1 2 1 46
58 58 55 58
7 88 87 88
35 99 35 89
33 73 34 34
13 35 12 61
6 96 7 21
91 91 72 92
95 96 30 96
59 68 58 69
40 91 2 91
78 78 17 79
29 98 29 99
61 78 77 77
74 75 6 75
51 63 2 63
4 70 4 59
51 74 50 75
61 91 61 92
57 58 8 58
8 43 4 90
46 78 50 61
5 46 5 62
25 99 26 82
12 40 20 36
20 44 20 47
9 97 97 97
79 97 29 97
5 85 6 84
36 62 37 61
74 81 75 80
36 71 35 72
84 97 26 99
65 66 49 66
33 33 11 33
3 92 17 91
2 71 1 72
53 90 13 91
2 81 1 81
22 97 23 93
63 63 62 76
76 94 76 95
1 68 2 67
6 98 6 98
5 93 6 92
29 61 29 61
11 11 10 73
10 85 11 11
4 98 3 99
22 41 22 76
39 92 56 91
6 91 3 95
32 86 13 86
97 97 97 98
66 72 46 73
11 85 11 72
39 42 9 53
97 98 21 98
9 96 95 95
31 32 26 32
2 13 3 3
51 73 72 72
59 79 78 78
16 97 16 96
50 97 50 68
2 87 2 87
5 90 9 30
51 55 53 54
87 87 87 87
51 92 4 92
13 78 17 72
69 98 85 98
2 49 4 43
24 81 25 81
27 85 39 84
33 47 34 39
18 43 19 42
26 29 26 31
9 92 9 91
8 55 8 56
25 67 25 72
12 40 11 93
58 63 57 64
7 91 7 8
4 68 32 68
2 98 1 99
50 83 82 82
14 14 1 14
3 63 42 62
27 76 26 77
16 71 14 72
13 92 13 96
27 32 27 33
38 47 39 43
45 46 11 46
80 90 82 89
47 47 46 74
50 63 60 62
9 88 8 89
15 91 15 86
12 78 11 79
83 84 13 84
18 79 18 29
42 77 42 76
2 94 93 94
4 99 98 98
57 96 60 95
5 29 19 29
10 70 6 96
1 99 2 98
27 84 28 28
53 53 52 56
72 88 54 99
77 84 74 95
2 54 3 53
40 95 3 95
8 97 65 97
14 80 14 15
34 62 29 62
32 91 32 92
32 37 32 38
9 37 33 35
22 80 22 80
11 44 10 49
1 91 11 91
23 56 4 60
55 56 55 68
8 68 5 69
52 62 52 53
4 9 8 8
18 75 19 74
65 73 68 72
29 90 30 89
69 89 70 70
9 70 68 70
95 95 95 95
11 95 10 96
13 97 13 97
22 67 59 66
4 84 4 83
88 91 89 90
37 42 37 38
25 43 9 43
48 78 42 79
7 32 8 8
5 98 6 97
28 79 27 79
28 57 56 57
72 90 73 89
44 96 45 45
35 90 89 90
95 95 10 96
16 62 23 62
1 94 1 95
9 94 20 77
18 19 18 95
12 12 11 13
8 67 9 66
45 46 14 46
53 60 53 61
32 78 77 78
64 78 78 78
27 86 86 86
5 95 74 93
4 68 56 68
1 67 3 14
81 82 81 81
24 82 24 81
30 36 29 37
67 75 11 84
12 99 18 97
21 21 20 40
2 92 1 93
51 51 50 99
96 98 95 99
25 93 50 92
15 98 15 33
87 91 86 93
25 60 24 61
23 79 22 80
51 98 52 80
35 89 36 88
54 97 55 83
70 87 71 86
81 82 13 82
11 67 11 57
84 84 61 85
9 73 9 74
8 48 7 49
1 90 89 90
5 75 5 76
1 1 1 93
8 64 7 64
21 22 20 23
19 96 20 95
57 66 57 58
83 85 60 86
78 78 64 79
21 72 41 52
62 73 2 87
94 94 18 95
5 6 5 89
26 81 25 82
41 53 42 52
20 79 8 80
21 64 21 96
32 33 32 72
15 80 24 80
33 46 34 34
38 43 39 42
15 99 90 99
18 67 18 68
28 28 27 79
4 28 27 28
32 93 2 93
3 3 3 80
1 2 1 95
77 77 45 78
62 98 88 98
30 93 2 93
4 99 4 96
17 95 86 95
20 92 20 90
6 6 5 89
68 98 69 78
19 71 19 71
6 49 14 33
8 49 8 50
13 90 14 89
45 54 45 46
69 78 69 94
1 96 2 95
27 95 27 54
7 47 5 73
96 96 68 96
23 41 16 42
66 70 59 71
41 58 53 57
17 96 16 97
14 84 13 85
68 96 68 96
20 75 20 75
86 86 6 87
11 12 11 12
2 89 88 89
65 82 78 81
75 75 75 76
10 42 10 42
59 70 60 60
2 2 1 85
8 99 99 99
60 84 60 81
66 70 66 72
22 52 21 96
58 58 57 59
17 57 17 92
69 96 68 98
98 99 91 99
16 90 16 91
71 83 71 89
59 60 52 60
40 97 70 79
54 55 54 56
39 63 63 63
25 38 23 46
34 64 33 65
73 81 73 80
53 54 19 54
8 94 93 93
56 66 62 65
45 93 45 96
41 71 41 70
12 93 67 86
63 93 64 92
17 91 17 87
17 93 17 92
86 88 45 89
12 26 12 55
72 73 10 73
42 96 42 97
13 85 14 84
5 45 4 97
29 29 28 77
82 83 51 83
91 93 13 93
68 68 54 69
82 91 81 92
12 36 11 69
6 76 5 77
50 94 2 95
88 88 74 89
12 81 11 92
18 18 17 66
91 94 58 94
36 41 35 42
13 13 12 54
26 27 26 85
19 63 10 78
8 65 9 64
50 61 50 65
89 90 10 90
4 61 8 35
84 88 57 99
16 58 17 57
24 36 35 36
72 92 54 93
18 86 19 85
10 87 87 87
87 98 69 98
30 70 31 69
2 99 2 78
89 93 88 94
17 58 17 18
33 60 32 61
6 98 8 98
13 13 12 86
94 95 61 95
21 62 21 25
26 97 25 98
7 92 91 92
20 31 20 82
29 82 81 82
34 80 59 80
85 86 85 87
56 89 55 90
37 91 38 90
49 49 48 83
26 92 34 65
18 88 17 89
3 3 2 78
29 80 30 79
20 95 20 98
45 56 46 55
25 45 25 46
74 91 73 92
31 76 30 77
81 91 87 87
59 89 59 89
38 98 38 96
94 94 7 94
46 46 41 47
98 98 9 99
84 85 51 85
15 63 16 62
62 75 63 74
30 34 33 33
8 8 7 96
63 94 93 94
2 69 2 69
44 44 38 45
74 75 39 75
7 57 7 87
41 59 40 88
12 36 12 35
1 2 1 92
4 64 3 65
58 68 59 63
14 61 14 61
14 94 15 15
52 88 8 91
15 50 14 51
26 55 3 55
36 36 24 37
22 98 21 98
22 22 21 23
30 32 27 33
3 74 31 73
37 40 37 49
58 58 57 74
40 80 19 80
6 42 6 42
1 82 4 82
66 99 66 99
19 93 20 82
58 59 45 59
42 58 43 57
22 46 46 46
96 97 1 97
17 99 17 98
7 55 6 72
23 98 51 95
66 84 49 84
19 82 18 83
3 96 1 96
4 89 25 75
36 37 36 96
38 47 31 48
2 16 15 16
66 78 66 77
20 94 19 95
93 94 76 94
7 98 8 97
61 82 2 83
25 38 10 39
4 64 5 63
8 90 9 43
43 69 44 68
19 82 19 82
3 4 3 82
61 74 61 83
10 99 11 98
26 81 27 48
23 83 23 82
54 83 82 82
85 85 6 86
49 89 49 88
31 40 31 72
25 25 24 53
13 97 14 96
91 92 15 92
64 65 64 71
5 94 5 80
9 95 9 94
29 83 18 93
31 32 31 92
20 40 39 39
26 71 70 70
3 13 2 73
42 88 19 91
58 59 27 59
76 88 76 87
11 28 12 27
11 26 14 26
9 94 8 99
12 85 12 86
52 77 52 78
9 62 49 62
28 92 29 92
79 80 75 80
3 98 2 99
9 69 68 68
6 54 5 58
74 95 78 94
25 90 26 89
37 92 74 91
46 48 15 83
14 89 14 88
8 57 56 57
18 34 17 34
37 46 45 46
3 51 10 51
54 60 49 60
78 78 46 79
26 53 52 53
17 64 2 88
68 79 67 80
40 77 40 78
28 99 99 99
14 23 22 23
4 80 46 70
3 92 92 92
30 93 30 30
19 27 19 40
29 80 28 80
34 55 33 56
4 90 4 5
49 84 49 83
60 61 1 61
23 80 24 42
14 96 14 67
1 2 1 32
23 77 22 78
41 91 70 87
72 85 24 86
17 72 44 72
20 97 20 97
73 74 70 74
3 48 1 48
48 98 49 75
29 42 29 48
14 87 14 88
14 88 14 87
80 80 48 80
98 99 4 99
24 98 25 25
30 58 18 58
11 77 76 77
9 89 9 88
20 89 19 90
23 69 22 69
3 23 2 93
4 30 1 61
49 77 47 77
30 52 5 90
16 79 8 89
2 2 1 93
29 72 29 79
10 92 11 11
14 21 14 21
3 97 2 99
1 92 26 79
31 86 32 85
64 72 50 72
1 97 1 98
17 90 24 88
46 46 6 46
24 96 25 25
54 98 77 97
48 91 47 92
83 84 5 84
52 61 52 73
21 38 21 93
9 45 34 37
51 83 67 74
26 26 26 88
41 67 40 70
24 74 73 73
10 98 94 97
74 83 56 85
18 35 18 52
98 99 1 99
2 62 13 61
17 40 36 40
8 89 5 93
29 73 28 74
21 96 21 95
67 86 66 87
23 83 82 82
96 97 17 97
23 54 22 55
